,log_total_area,log_population,median_age,birth_rate,hdi,unemployment_rate_pct,health_insurance_coverage_pct,median_rent
log_total_area,1.0,0.309,-0.209,0.404,-0.265,-0.112,-0.529,-0.28
log_population,0.309,1.0,-0.056,-0.062,-0.096,0.413,-0.198,0.268
median_age,-0.209,-0.056,1.0,-0.368,0.11,-0.148,0.309,-0.043
birth_rate,0.404,-0.062,-0.368,1.0,-0.243,-0.266,-0.375,-0.313
hdi,-0.265,-0.096,0.11,-0.243,1.0,-0.264,0.494,0.608
unemployment_rate_pct,-0.112,0.413,-0.148,-0.266,-0.264,1.0,-0.192,0.329
health_insurance_coverage_pct,-0.529,-0.198,0.309,-0.375,0.494,-0.192,1.0,0.156
median_rent,-0.28,0.268,-0.043,-0.313,0.608,0.329,0.156,1.0
